version https://git-lfs.github.com/spec/v1
oid sha256:c138019287b6f8eb7adee03886454ca2eb2b614bae7949a10d273f985ab34aea
size 451811298
